-0.4427224863320589 -0.18348129652440548 -14.874932354463802 -0.23125000298023224 -0.18125000596046448 0.0 -0.4829629131445342 -0.1294095225512604 -0.2617993877991498
-0.4514722302556038 -0.17776524741202593 -11.531038574193678 -0.23125000298023224 -0.18125000596046448 0.0 -0.4829629131445342 -0.1294095225512604 -4.440892098500626e-16
-0.43535979837179184 -0.20089165214449167 -18.86403988797381 -0.23125000298023224 -0.18125000596046448 0.0 -0.4829629131445342 -0.1294095225512604 -0.5235987755982991
-0.4225540794432163 -0.2531434465199709 -2.8150072756641498 -0.23125000298023224 -0.18125000596046448 0.0 -0.4330127018922193 -0.2500000000000001 -4.440892098500626e-16
-0.4105742331594229 -0.2668811921030283 -7.105816365302342 -0.23125000298023224 -0.18125000596046448 0.0 -0.4330127018922193 -0.2500000000000001 -0.2617993877991498
-0.43096884712576866 -0.25374448485672474 -0.1505123454235505 -0.23125000298023224 -0.18125000596046448 0.0 -0.4330127018922193 -0.2500000000000001 0.2617993877991489
-0.3857929017394781 -0.3101417738944292 9.93723355962272 -0.23125000298023224 -0.18125000596046448 0.0 -0.35355339059327384 -0.3535533905932737 0.2617993877991489
-0.3701675832271576 -0.32078054174780846 5.231704114870018 -0.23125000298023224 -0.18125000596046448 0.0 -0.35355339059327384 -0.3535533905932737 -4.440892098500626e-16
-0.3572517801076174 -0.3368404395878315 1.1248464493290005 -0.23125000298023224 -0.18125000596046448 0.0 -0.35355339059327384 -0.3535533905932737 -0.2617993877991498
-0.31141221476718783 -0.3622757624834776 17.078461176808613 -0.23125000298023224 -0.18125000596046448 0.0 -0.2500000000000002 -0.4330127018922192 0.2617993877991489
-0.33029202115722 -0.35675254091620445 21.857841835044507 -0.23125000298023224 -0.18125000596046448 0.0 -0.2500000000000002 -0.4330127018922192 0.5235987755982983
-0.2956893425434828 -0.3734583854675293 12.95558612941892 -0.23125000298023224 -0.18125000596046448 0.0 -0.2500000000000002 -0.4330127018922192 -4.440892098500626e-16
-0.24405499547719955 -0.3841944523155689 29.048035691806568 -0.23125000298023224 -0.18125000596046448 0.0 -0.12940952255126031 -0.4829629131445342 0.5235987755982983
-0.2238751081749797 -0.39216868579387665 24.31314524595403 -0.23125000298023224 -0.18125000596046448 0.0 -0.12940952255126031 -0.4829629131445342 0.2617993877991489
-0.260903662070632 -0.38348338566720486 33.33662429626448 -0.23125000298023224 -0.18125000596046448 0.0 -0.12940952255126031 -0.4829629131445342 0.7853981633974474
-0.17024844884872437 -0.3846684843301773 40.657206809436545 -0.23125000298023224 -0.18125000596046448 0.0 -9.184850993605147e-17 -0.5 0.7853981633974474
-0.14811435900628567 -0.38769448176026344 35.628256190001125 -0.23125000298023224 -0.18125000596046448 0.0 -9.184850993605147e-17 -0.5 0.5235987755982983
-0.18448688462376595 -0.3893056036904454 44.364235627285645 -0.23125000298023224 -0.18125000596046448 0.0 -9.184850993605147e-17 -0.5 1.047197551196597
-0.06998806720366701 -0.36011353228241205 46.003104808269235 -0.23125000298023224 -0.18125000596046448 0.0 0.12940952255126015 -0.4829629131445342 0.7853981633974474
-0.09499273914843798 -0.36317981919273734 51.55221468251531 -0.23125000298023224 -0.18125000596046448 0.0 0.12940952255126015 -0.4829629131445342 1.047197551196597
-0.053237237967550755 -0.3628132548183203 42.48309775671306 -0.23125000298023224 -0.18125000596046448 0.0 0.12940952255126015 -0.4829629131445342 0.5235987755982983
-0.004921284271404147 -0.3106511924415827 56.83631249170975 -0.23125000298023224 -0.18125000596046448 0.0 0.2500000000000001 -0.4330127018922193 1.047197551196597
0.015456420835107565 -0.3077390748076141 52.512967544812014 -0.23125000298023224 -0.18125000596046448 0.0 0.2500000000000001 -0.4330127018922193 0.7853981633974474
-0.015073730028234422 -0.3184547680430114 60.166892044150906 -0.23125000298023224 -0.18125000596046448 0.0 0.2500000000000001 -0.4330127018922193 1.3089969389957463
0.0776696540415287 -0.23169565945863724 60.57009600238727 -0.23125000298023224 -0.18125000596046448 0.0 0.3535533905932737 -0.35355339059327384 1.047197551196597
0.06522033922374249 -0.24030512012541294 64.10879645674821 -0.23125000298023224 -0.18125000596046448 0.0 0.3535533905932737 -0.35355339059327384 1.3089969389957463
0.09023158252239227 -0.23051919601857662 58.05244672801189 -0.23125000298023224 -0.18125000596046448 0.0 0.3535533905932737 -0.35355339059327384 0.7853981633974474
0.14316868409514427 -0.1504840162815526 61.2172724592295 -0.23125000298023224 -0.18125000596046448 0.0 0.4330127018922192 -0.2500000000000002 1.047197551196597
0.13255813345313072 -0.15545219706837088 64.30988992650542 -0.23125000298023224 -0.18125000596046448 0.0 0.4330127018922192 -0.2500000000000002 1.3089969389957463
0.14669857174158096 -0.14759190089534968 61.19168507397536 -0.23125000298023224 -0.18125000596046448 0.0 0.4330127018922192 -0.2500000000000002 0.7853981633974474
0.180269006639719 -0.10843588598072529 59.048552988187545 -0.23125000298023224 -0.18125000596046448 0.0 0.4829629131445342 -0.12940952255126034 1.3089969389957463
0.18726185336709023 -0.1064432468265295 56.93570289727467 -0.23125000298023224 -0.18125000596046448 0.0 0.4829629131445342 -0.12940952255126034 1.047197551196597
0.18984255753457546 -0.10345524735748768 57.9231176554967 -0.23125000298023224 -0.18125000596046448 0.0 0.4829629131445342 -0.12940952255126034 0.7853981633974474
-0.3046740838326514 -0.19241263717412949 -59.192742372945226 0.0 -0.18125000596046448 0.0 -0.4829629131445342 -0.1294095225512604 -1.047197551196598
-0.306432677898556 -0.17014593910425901 -52.898852999624275 0.0 -0.18125000596046448 0.0 -0.4829629131445342 -0.1294095225512604 -0.7853981633974485
-0.30470356065779924 -0.21074614021927118 -64.37178133299001 0.0 -0.18125000596046448 0.0 -0.4829629131445342 -0.1294095225512604 -1.3089969389957472
-0.28636551182717085 -0.2841986333951354 -47.05904424418105 0.0 -0.18125000596046448 0.0 -0.4330127018922193 -0.2500000000000001 -0.7853981633974485
-0.27721001440659165 -0.3077580342069268 -54.511742996357526 0.0 -0.18125000596046448 0.0 -0.4330127018922193 -0.2500000000000001 -1.047197551196598
-0.2981408354244195 -0.26100271521136165 -39.56118347867623 0.0 -0.18125000596046448 0.0 -0.4330127018922193 -0.2500000000000001 -0.5235987755982991
-0.24551996774971485 -0.3567231521010399 -32.769165573422086 0.0 -0.18125000596046448 0.0 -0.35355339059327384 -0.3535533905932737 -0.5235987755982991
-0.22641891799867153 -0.36576527915894985 -39.4738610658386 0.0 -0.18125000596046448 0.0 -0.35355339059327384 -0.3535533905932737 -0.7853981633974485
-0.26182943396270275 -0.34300894662737846 -26.141544664331498 0.0 -0.18125000596046448 0.0 -0.35355339059327384 -0.3535533905932737 -0.2617993877991498
-0.1633358751423657 -0.4320208914577961 -27.135577789360834 0.0 -0.18125000596046448 0.0 -0.2500000000000002 -0.4330127018922192 -0.5235987755982991
-0.1803747471421957 -0.41358233615756035 -19.90775078765263 0.0 -0.18125000596046448 0.0 -0.2500000000000002 -0.4330127018922192 -0.2617993877991498
-0.14369557332247496 -0.44532494246959686 -34.39847571801304 0.0 -0.18125000596046448 0.0 -0.2500000000000002 -0.4330127018922192 -0.7853981633974485
-0.08869751542806625 -0.47584643959999084 -13.492788106086675 0.0 -0.18125000596046448 0.0 -0.12940952255126031 -0.4829629131445342 -0.2617993877991498
-0.10795305296778679 -0.4590485319495201 -6.172055056767507 0.0 -0.18125000596046448 0.0 -0.12940952255126031 -0.4829629131445342 -4.440892098500626e-16
-0.06576406210660934 -0.48578500747680664 -20.781027123497726 0.0 -0.18125000596046448 0.0 -0.12940952255126031 -0.4829629131445342 -0.5235987755982991
-0.004640541970729828 -0.48543889820575714 1.1148564426341605 0.0 -0.18125000596046448 0.0 -9.184850993605147e-17 -0.5 -4.440892098500626e-16
-0.03002331405878067 -0.4925345405936241 9.05542965608473 0.0 -0.18125000596046448 0.0 -9.184850993605147e-17 -0.5 0.2617993877991489
0.02441675215959549 -0.48930150270462036 -7.921435676900607 0.0 -0.18125000596046448 0.0 -9.184850993605147e-17 -0.5 -0.2617993877991498
0.08246808126568794 -0.4760499708354473 14.613512554670942 0.0 -0.18125000596046448 0.0 0.12940952255126015 -0.4829629131445342 0.2617993877991489
0.10552071034908295 -0.45164788141846657 6.073692346967021 0.0 -0.18125000596046448 0.0 0.12940952255126015 -0.4829629131445342 -4.440892098500626e-16
0.05842055007815361 -0.48781246691942215 22.925046934259463 0.0 -0.18125000596046448 0.0 0.12940952255126015 -0.4829629131445342 0.5235987755982983
0.16233157482929528 -0.44181598722934723 28.274936360318385 0.0 -0.18125000596046448 0.0 0.2500000000000001 -0.4330127018922193 0.5235987755982983
0.18899209657683969 -0.42194654792547226 18.256927832924543 0.0 -0.18125000596046448 0.0 0.2500000000000001 -0.4330127018922193 0.2617993877991489
0.14335466199554503 -0.4553893096745014 35.680027382084795 0.0 -0.18125000596046448 0.0 0.2500000000000001 -0.4330127018922193 0.7853981633974474
0.24308609403669834 -0.3520445078611374 32.23665610059034 0.0 -0.18125000596046448 0.0 0.3535533905932737 -0.35355339059327384 0.5235987755982983
0.21977453120052814 -0.37051075510680676 41.15301751670439 0.0 -0.18125000596046448 0.0 0.3535533905932737 -0.35355339059327384 0.7853981633974474
0.2631975580006838 -0.3334284983575344 24.34537694600809 0.0 -0.18125000596046448 0.0 0.3535533905932737 -0.35355339059327384 0.2617993877991489
0.2832863456569612 -0.2778380033560097 45.9932173672577 0.0 -0.18125000596046448 0.0 0.4330127018922192 -0.2500000000000002 0.7853981633974474
0.26862634532153606 -0.3011239874176681 54.29737532561454 0.0 -0.18125000596046448 0.0 0.4330127018922192 -0.2500000000000002 1.047197551196597
0.29013926042534877 -0.25385831855237484 39.17059180537109 0.0 -0.18125000596046448 0.0 0.4330127018922192 -0.2500000000000002 0.5235987755982983
0.3065441814251244 -0.19935291726142168 60.0355365124018 0.0 -0.18125000596046448 0.0 0.4829629131445342 -0.12940952255126034 1.047197551196597
0.31383805675432086 -0.17450334411114454 52.38765365097878 0.0 -0.18125000596046448 0.0 0.4829629131445342 -0.12940952255126034 0.7853981633974474
0.30249807983636856 -0.2178459777496755 66.03413857336855 0.0 -0.18125000596046448 0.0 0.4829629131445342 -0.12940952255126034 1.3089969389957463
-0.1940157301723957 -0.10478638438507915 -60.514345113173555 0.20624999701976776 -0.18125000596046448 0.0 -0.4829629131445342 -0.1294095225512604 -1.3089969389957472
-0.20350751280784607 -0.10796722583472729 -57.006119587041475 0.20624999701976776 -0.18125000596046448 0.0 -0.4829629131445342 -0.1294095225512604 -1.047197551196598
-0.1889453586190939 -0.10650187358260155 -66.3744081508941 0.20624999701976776 -0.18125000596046448 0.0 -0.4829629131445342 -0.1294095225512604 -1.5707963267948966
-0.15972231328487396 -0.16080579941626638 -60.95090619987026 0.20624999701976776 -0.18125000596046448 0.0 -0.4330127018922193 -0.2500000000000001 -1.047197551196598
-0.1473891343921423 -0.17438198998570442 -65.08802073151796 0.20624999701976776 -0.18125000596046448 0.0 -0.4330127018922193 -0.2500000000000001 -1.3089969389957472
-0.16589564457535744 -0.161703645309899 -60.65231604390508 0.20624999701976776 -0.18125000596046448 0.0 -0.4330127018922193 -0.2500000000000001 -0.7853981633974485
-0.10148152709007263 -0.24904130026698112 -58.493289099288766 0.20624999701976776 -0.18125000596046448 0.0 -0.35355339059327384 -0.3535533905932737 -1.047197551196598
-0.11095049977302551 -0.24916804023087025 -56.28211106389203 0.20624999701976776 -0.18125000596046448 0.0 -0.35355339059327384 -0.3535533905932737 -0.7853981633974485
-0.08254511747509241 -0.2579603921622038 -63.71766854497672 0.20624999701976776 -0.18125000596046448 0.0 -0.35355339059327384 -0.3535533905932737 -1.3089969389957472
-0.0458934991620481 -0.32466911105439067 -48.47540558336991 0.20624999701976776 -0.18125000596046448 0.0 -0.2500000000000002 -0.4330127018922192 -0.7853981633974485
-0.014447574270889163 -0.32766596926376224 -55.564664355733186 0.20624999701976776 -0.18125000596046448 0.0 -0.2500000000000002 -0.4330127018922192 -1.047197551196598
0.000276696402579546 -0.3361659818328917 -59.937360013378004 0.20624999701976776 -0.18125000596046448 0.0 -0.2500000000000002 -0.4330127018922192 -1.3089969389957472
0.05107675865292549 -0.3766179233789444 -43.82523480055859 0.20624999701976776 -0.18125000596046448 0.0 -0.12940952255126031 -0.4829629131445342 -0.7853981633974485
0.037563005462288857 -0.37698571290820837 -40.24936205876347 0.20624999701976776 -0.18125000596046448 0.0 -0.12940952255126031 -0.4829629131445342 -0.5235987755982991
0.07847296446561813 -0.37944247387349606 -50.40400165483092 0.20624999701976776 -0.18125000596046448 0.0 -0.12940952255126031 -0.4829629131445342 -1.047197551196598
0.12623083218932152 -0.4038292821496725 -32.47591265813874 0.20624999701976776 -0.18125000596046448 0.0 -9.184850993605147e-17 -0.5 -0.5235987755982991
0.15764122270047665 -0.3990178406238556 -39.607116680809334 0.20624999701976776 -0.18125000596046448 0.0 -9.184850993605147e-17 -0.5 -0.7853981633974485
0.1121172746643424 -0.41096819192171097 -29.119695642374985 0.20624999701976776 -0.18125000596046448 0.0 -9.184850993605147e-17 -0.5 -0.2617993877991498
0.23030949290841818 -0.39832136034965515 -27.055026920301845 0.20624999701976776 -0.18125000596046448 0.0 0.12940952255126015 -0.4829629131445342 -0.5235987755982991
0.2021379868965596 -0.40966102853417397 -20.756653356316573 0.20624999701976776 -0.18125000596046448 0.0 0.12940952255126015 -0.4829629131445342 -0.2617993877991498
0.25258526764810085 -0.3952497523277998 -32.75819336798744 0.20624999701976776 -0.18125000596046448 0.0 0.12940952255126015 -0.4829629131445342 -0.7853981633974485
0.29911653930321336 -0.3756182864308357 -14.872639219028265 0.20624999701976776 -0.18125000596046448 0.0 0.2500000000000001 -0.4330127018922193 -0.2617993877991498
0.3272885789629072 -0.36230839416384697 -21.98418961161508 0.20624999701976776 -0.18125000596046448 0.0 0.2500000000000001 -0.4330127018922193 -0.5235987755982991
0.2809642357751727 -0.38974490389227867 -10.274267778476139 0.20624999701976776 -0.18125000596046448 0.0 0.2500000000000001 -0.4330127018922193 -4.440892098500626e-16
0.3601146284490824 -0.33272091671824455 -3.5216956790431007 0.20624999701976776 -0.18125000596046448 0.0 0.3535533905932737 -0.35355339059327384 -4.440892098500626e-16
0.38036931306123734 -0.3154561072587967 -9.186774830338186 0.20624999701976776 -0.18125000596046448 0.0 0.3535533905932737 -0.35355339059327384 -0.2617993877991498
0.3463721564039588 -0.34953148663043976 1.034254072030341 0.20624999701976776 -0.18125000596046448 0.0 0.3535533905932737 -0.35355339059327384 0.2617993877991489
0.4185357429087162 -0.25570138450711966 3.74246911386511 0.20624999701976776 -0.18125000596046448 0.0 0.4330127018922192 -0.2500000000000002 -4.440892098500626e-16
0.40294136479496956 -0.2760999780148268 8.637229938682907 0.20624999701976776 -0.18125000596046448 0.0 0.4330127018922192 -0.2500000000000002 0.2617993877991489
0.42909882217645645 -0.2528244387358427 0.5009671773511443 0.20624999701976776 -0.18125000596046448 0.0 0.4330127018922192 -0.2500000000000002 -0.2617993877991498
0.43705795519053936 -0.18825270049273968 16.697172420494596 0.20624999701976776 -0.18125000596046448 0.0 0.4829629131445342 -0.12940952255126034 0.2617993877991489
0.4277631342411041 -0.2075441125780344 20.60370265207081 0.20624999701976776 -0.18125000596046448 0.0 0.4829629131445342 -0.12940952255126034 0.5235987755982983
0.4477483946830034 -0.17860059719532728 12.493717668613169 0.20624999701976776 -0.18125000596046448 0.0 0.4829629131445342 -0.12940952255126034 -4.440892098500626e-16
-0.15593836084008217 0.17764648888260126 -57.62154121421168 -0.29374998807907104 -0.11874999850988388 1.5707963267948966 -0.12940952255126045 0.4829629131445342 -1.047197551196598
-0.1471005566418171 0.19153501838445663 -54.64999308209643 -0.29374998807907104 -0.11874999850988388 1.5707963267948966 -0.12940952255126045 0.4829629131445342 -0.7853981633974485
-0.17482567764818668 0.16460742196068168 -61.71288713518301 -0.29374998807907104 -0.11874999850988388 1.5707963267948966 -0.12940952255126045 0.4829629131445342 -1.3089969389957472
-0.2513818424195051 0.16823155246675014 -49.28315269441894 -0.29374998807907104 -0.11874999850988388 1.5707963267948966 -0.2499999999999999 0.43301270189221935 -0.7853981633974485
-0.2670573266223073 0.14575009536929429 -54.20792495086121 -0.29374998807907104 -0.11874999850988388 1.5707963267948966 -0.2499999999999999 0.43301270189221935 -1.047197551196598
-0.24965152703225613 0.18181557953357697 -46.95592805755791 -0.29374998807907104 -0.11874999850988388 1.5707963267948966 -0.2499999999999999 0.43301270189221935 -0.5235987755982991
-0.3430089666508138 0.11425117682665586 -44.29871018176309 -0.29374998807907104 -0.11874999850988388 1.5707963267948966 -0.3535533905932737 0.3535533905932738 -0.7853981633974485
-0.3361188404378481 0.13627834059298038 -40.17129620705192 -0.29374998807907104 -0.11874999850988388 1.5707963267948966 -0.3535533905932737 0.3535533905932738 -0.5235987755982991
-0.3579336856491864 0.09643486852291971 -48.283331692975324 -0.29374998807907104 -0.11874999850988388 1.5707963267948966 -0.3535533905932737 0.3535533905932738 -1.047197551196598
-0.4044023621827364 0.07384413108229637 -32.66206079586318 -0.29374998807907104 -0.11874999850988388 1.5707963267948966 -0.43301270189221935 0.25 -0.5235987755982991
-0.41385215520858765 0.044970691902562976 -38.03028466018526 -0.29374998807907104 -0.11874999850988388 1.5707963267948966 -0.43301270189221935 0.25 -0.7853981633974485
-0.40370193868875504 0.09147937409579754 -29.327413227552803 -0.29374998807907104 -0.11874999850988388 1.5707963267948966 -0.43301270189221935 0.25 -0.2617993877991498
-0.4505981281399727 -0.01327315578237176 -26.636979995331092 -0.29374998807907104 -0.11874999850988388 1.5707963267948966 -0.4829629131445341 0.1294095225512605 -0.5235987755982991
-0.4485829137265682 0.015036105178296566 -21.407134803473756 -0.29374998807907104 -0.11874999850988388 1.5707963267948966 -0.4829629131445341 0.1294095225512605 -0.2617993877991498
-0.4606535993516445 -0.03765037376433611 -31.37559230168331 -0.29374998807907104 -0.11874999850988388 1.5707963267948966 -0.4829629131445341 0.1294095225512605 -0.7853981633974485
-0.4686378613114357 -0.07898850878700614 -15.043765194023182 -0.29374998807907104 -0.11874999850988388 1.5707963267948966 -0.5 6.123233995736766e-17 -0.2617993877991498
-0.4708254225552082 -0.10572624579071999 -20.112396347098567 -0.29374998807907104 -0.11874999850988388 1.5707963267948966 -0.5 6.123233995736766e-17 -0.5235987755982991
-0.47259319946169853 -0.050263676792383194 -9.691641456957294 -0.29374998807907104 -0.11874999850988388 1.5707963267948966 -0.5 6.123233995736766e-17 -4.440892098500626e-16
-0.4657764993607998 -0.1429072469472885 -2.872028434562082 -0.29374998807907104 -0.11874999850988388 1.5707963267948966 -0.4829629131445342 -0.1294095225512604 -4.440892098500626e-16
-0.4601414315402508 -0.17266217712312937 -8.381799230162386 -0.29374998807907104 -0.11874999850988388 1.5707963267948966 -0.4829629131445342 -0.1294095225512604 -0.2617993877991498
-0.4757182337343693 -0.12194519396871328 1.412307657560378 -0.29374998807907104 -0.11874999850988388 1.5707963267948966 -0.4829629131445342 -0.1294095225512604 0.2617993877991489
-0.4297669231891632 -0.23190552555024624 3.453591067457576 -0.29374998807907104 -0.11874999850988388 1.5707963267948966 -0.4330127018922193 -0.2500000000000001 -4.440892098500626e-16
-0.44297515973448753 -0.20410238252952695 8.961474823920225 -0.29374998807907104 -0.11874999850988388 1.5707963267948966 -0.4330127018922193 -0.2500000000000001 0.2617993877991489
-0.43205825984477997 -0.251242782920599 0.10523702043747937 -0.29374998807907104 -0.11874999850988388 1.5707963267948966 -0.4330127018922193 -0.2500000000000001 -0.2617993877991498
-0.3825164847075939 -0.27975274343043566 15.100179376264915 -0.29374998807907104 -0.11874999850988388 1.5707963267948966 -0.35355339059327384 -0.3535533905932737 0.2617993877991489
-0.40352120436728 -0.25491566280834377 20.926675799913593 -0.29374998807907104 -0.11874999850988388 1.5707963267948966 -0.35355339059327384 -0.3535533905932737 0.5235987755982983
-0.37831674609333277 -0.2991402316838503 11.729538359694573 -0.29374998807907104 -0.11874999850988388 1.5707963267948966 -0.35355339059327384 -0.3535533905932737 -4.440892098500626e-16
-0.32281724736094475 -0.310398253146559 26.864876190860095 -0.29374998807907104 -0.11874999850988388 1.5707963267948966 -0.2500000000000002 -0.4330127018922192 0.5235987755982983
-0.3098656749352813 -0.32915790285915136 23.016758182069154 -0.29374998807907104 -0.11874999850988388 1.5707963267948966 -0.2500000000000002 -0.4330127018922192 0.2617993877991489
-0.34748850599862635 -0.29286323208361864 32.43127714897319 -0.29374998807907104 -0.11874999850988388 1.5707963267948966 -0.2500000000000002 -0.4330127018922192 0.7853981633974474
-0.23387324064970016 -0.33708814391866326 34.01264570312782 -0.29374998807907104 -0.11874999850988388 1.5707963267948966 -0.12940952255126031 -0.4829629131445342 0.5235987755982983
-0.254644637927413 -0.3222978842968587 38.60657840779333 -0.29374998807907104 -0.11874999850988388 1.5707963267948966 -0.12940952255126031 -0.4829629131445342 0.7853981633974474
-0.23110893741250038 -0.3526896508410573 31.91679998234427 -0.29374998807907104 -0.11874999850988388 1.5707963267948966 -0.12940952255126031 -0.4829629131445342 0.2617993877991489
-0.2167646512389183 0.26515218429267406 -47.9246537427436 -0.29374998807907104 2.7755575615628914e-17 1.5707963267948966 -0.12940952255126045 0.4829629131445342 -0.7853981633974485
-0.2376827336847782 0.24691962078213692 -52.367871110640735 -0.29374998807907104 2.7755575615628914e-17 1.5707963267948966 -0.12940952255126045 0.4829629131445342 -1.047197551196598
-0.207748057320714 0.2819658759981394 -45.32568570928337 -0.29374998807907104 2.7755575615628914e-17 1.5707963267948966 -0.12940952255126045 0.4829629131445342 -0.5235987755982991
-0.31467019161209464 0.23650451190769672 -41.279522168140204 -0.29374998807907104 2.7755575615628914e-17 1.5707963267948966 -0.2499999999999999 0.43301270189221935 -0.7853981633974485
-0.30236933939158916 0.25762374326586723 -37.418896938603574 -0.29374998807907104 2.7755575615628914e-17 1.5707963267948966 -0.2499999999999999 0.43301270189221935 -0.5235987755982991
-0.34052869433071464 0.21823172271251678 -46.603227894258985 -0.29374998807907104 2.7755575615628914e-17 1.5707963267948966 -0.2499999999999999 0.43301270189221935 -1.047197551196598
-0.3828324330970645 0.20636835508048534 -29.79441259038119 -0.29374998807907104 2.7755575615628914e-17 1.5707963267948966 -0.3535533905932737 0.3535533905932738 -0.5235987755982991
-0.40395434759557247 0.18044250458478928 -35.34776041778619 -0.29374998807907104 2.7755575615628914e-17 1.5707963267948966 -0.3535533905932737 0.3535533905932738 -0.7853981633974485
-0.37730194441974163 0.22871454432606697 -26.295789824089184 -0.29374998807907104 2.7755575615628914e-17 1.5707963267948966 -0.3535533905932737 0.3535533905932738 -0.2617993877991498
-0.43853318504989147 0.15962366200983524 -18.037601053392734 -0.29374998807907104 2.7755575615628914e-17 1.5707963267948966 -0.43301270189221935 0.25 -0.2617993877991498
-0.45109757222235203 0.12876047752797604 -23.82665413057718 -0.29374998807907104 2.7755575615628914e-17 1.5707963267948966 -0.43301270189221935 0.25 -0.5235987755982991
-0.4393794145435095 0.18097316287457943 -14.856755358228122 -0.29374998807907104 2.7755575615628914e-17 1.5707963267948966 -0.43301270189221935 0.25 -4.440892098500626e-16
-0.48082437738776207 0.06715952046215534 -11.868778151002765 -0.29374998807907104 2.7755575615628914e-17 1.5707963267948966 -0.4829629131445341 0.1294095225512605 -0.2617993877991498
-0.4757157489657402 0.10147031303495169 -5.721293768068129 -0.29374998807907104 2.7755575615628914e-17 1.5707963267948966 -0.4829629131445341 0.1294095225512605 -4.440892098500626e-16
-0.49324893578886986 0.04052294325083494 -16.812790773580108 -0.29374998807907104 2.7755575615628914e-17 1.5707963267948966 -0.4829629131445341 0.1294095225512605 -0.5235987755982991
-0.4906730316579342 0.0014380253851413727 0.45395966270672317 -0.29374998807907104 2.7755575615628914e-17 1.5707963267948966 -0.5 6.123233995736766e-17 -4.440892098500626e-16
-0.4960489012300968 0.03297816403210163 6.141446903789539 -0.29374998807907104 2.7755575615628914e-17 1.5707963267948966 -0.5 6.123233995736766e-17 0.2617993877991489
-0.49676956981420517 -0.028634078800678253 -5.089376960011502 -0.29374998807907104 2.7755575615628914e-17 1.5707963267948966 -0.5 6.123233995736766e-17 -0.2617993877991498
-0.4803684204816818 -0.06448635645210743 12.86814331950929 -0.29374998807907104 2.7755575615628914e-17 1.5707963267948966 -0.4829629131445342 -0.1294095225512604 0.2617993877991489
-0.47764286026358604 -0.09958218317478895 6.378798742291501 -0.29374998807907104 2.7755575615628914e-17 1.5707963267948966 -0.4829629131445342 -0.1294095225512604 -4.440892098500626e-16
-0.4933505542576313 -0.03749968484044075 17.954924750479623 -0.29374998807907104 2.7755575615628914e-17 1.5707963267948966 -0.4829629131445342 -0.1294095225512604 0.5235987755982983
-0.43851713091135025 -0.16034436039626598 18.31003332757936 -0.29374998807907104 2.7755575615628914e-17 1.5707963267948966 -0.4330127018922193 -0.2500000000000001 0.2617993877991489
-0.4504026845097542 -0.126404270529747 24.915335817211588 -0.29374998807907104 2.7755575615628914e-17 1.5707963267948966 -0.4330127018922193 -0.2500000000000001 0.5235987755982983
-0.4389731138944626 -0.18245745077729225 14.981445269428765 -0.29374998807907104 2.7755575615628914e-17 1.5707963267948966 -0.4330127018922193 -0.2500000000000001 -4.440892098500626e-16
-0.3824112704023719 -0.2062553782016039 30.275260105366176 -0.29374998807907104 2.7755575615628914e-17 1.5707963267948966 -0.35355339059327384 -0.3535533905932737 0.5235987755982983
-0.403518907725811 -0.17932267114520073 36.55005995094304 -0.29374998807907104 2.7755575615628914e-17 1.5707963267948966 -0.35355339059327384 -0.3535533905932737 0.7853981633974474
-0.3779550129547715 -0.22895632311701775 26.970908146628734 -0.29374998807907104 2.7755575615628914e-17 1.5707963267948966 -0.35355339059327384 -0.3535533905932737 0.2617993877991489
-0.3134790421463549 -0.236355384811759 41.9974906966046 -0.29374998807907104 2.7755575615628914e-17 1.5707963267948966 -0.2500000000000002 -0.4330127018922192 0.7853981633974474
-0.29674333799630404 -0.2612590081989765 36.59430239171703 -0.29374998807907104 2.7755575615628914e-17 1.5707963267948966 -0.2500000000000002 -0.4330127018922192 0.5235987755982983
-0.3393162253778428 -0.2178346086293459 47.469930333503335 -0.29374998807907104 2.7755575615628914e-17 1.5707963267948966 -0.2500000000000002 -0.4330127018922192 1.047197551196597
-0.2103184089064598 -0.2678426317870617 47.09851473835385 -0.29374998807907104 2.7755575615628914e-17 1.5707963267948966 -0.12940952255126031 -0.4829629131445342 0.7853981633974474
-0.23651591129601002 -0.24752861261367798 53.29757223113954 -0.29374998807907104 2.7755575615628914e-17 1.5707963267948966 -0.12940952255126031 -0.4829629131445342 1.047197551196597
-0.20569341629743576 -0.2841625493019819 44.87326645216535 -0.29374998807907104 2.7755575615628914e-17 1.5707963267948966 -0.12940952255126031 -0.4829629131445342 0.5235987755982983
-0.22748079523444176 0.32962756627239287 -35.07346896886934 -0.29374998807907104 0.09375 1.5707963267948966 -0.12940952255126045 0.4829629131445342 -0.5235987755982991
-0.2529752627015114 0.3092636205255985 -40.84884541293888 -0.29374998807907104 0.09375 1.5707963267948966 -0.12940952255126045 0.4829629131445342 -0.7853981633974485
-0.27565393410623074 0.30245962645858526 -44.76518396635128 -0.29374998807907104 0.09375 1.5707963267948966 -0.12940952255126045 0.4829629131445342 -1.047197551196598
-0.3211954734288156 0.29885640801512636 -28.547488323609727 -0.29374998807907104 0.09375 1.5707963267948966 -0.2499999999999999 0.43301270189221935 -0.5235987755982991
-0.3083782708272338 0.31943420320749283 -24.4878871915704 -0.29374998807907104 0.09375 1.5707963267948966 -0.2499999999999999 0.43301270189221935 -0.2617993877991498
-0.34709082648623735 0.2819775054231286 -34.030918243455424 -0.29374998807907104 0.09375 1.5707963267948966 -0.2499999999999999 0.43301270189221935 -0.7853981633974485
-0.38284081127494574 0.26929775113239884 -16.650466181994517 -0.29374998807907104 0.09375 1.5707963267948966 -0.3535533905932737 0.3535533905932738 -0.2617993877991498
-0.4089642036706209 0.24037581030279398 -23.43042554284632 -0.29374998807907104 0.09375 1.5707963267948966 -0.3535533905932737 0.3535533905932738 -0.5235987755982991
-0.3808606658130884 0.2853583339601755 -13.993131808598681 -0.29374998807907104 0.09375 1.5707963267948966 -0.3535533905932737 0.3535533905932738 -4.440892098500626e-16
-0.44866737723350525 0.1896923091262579 -11.354723059502618 -0.29374998807907104 0.09375 1.5707963267948966 -0.43301270189221935 0.25 -0.2617993877991498
-0.4320234190672636 0.22228263644501567 -4.668840647090156 -0.29374998807907104 0.09375 1.5707963267948966 -0.43301270189221935 0.25 -4.440892098500626e-16
-0.4651472121477127 0.16993127390742302 -15.874740571717284 -0.29374998807907104 0.09375 1.5707963267948966 -0.43301270189221935 0.25 -0.5235987755982991
-0.47285016253590584 0.12728619016706944 0.41001497554013927 -0.29374998807907104 0.09375 1.5707963267948966 -0.4829629131445341 0.1294095225512605 -4.440892098500626e-16
-0.46997804567217827 0.15799419535323977 6.02012442972234 -0.29374998807907104 0.09375 1.5707963267948966 -0.4829629131445341 0.1294095225512605 0.2617993877991489
-0.4840620383620262 0.10004584025591612 -5.029364513583723 -0.29374998807907104 0.09375 1.5707963267948966 -0.4829629131445341 0.1294095225512605 -0.2617993877991498
-0.47687220945954323 0.06315884459763765 12.777843293598934 -0.29374998807907104 0.09375 1.5707963267948966 -0.5 6.123233995736766e-17 0.2617993877991489
-0.4813254475593567 0.031126681715250015 6.80275646212375 -0.29374998807907104 0.09375 1.5707963267948966 -0.5 6.123233995736766e-17 -4.440892098500626e-16
-0.48078348115086555 0.09235449857078493 18.139486855013864 -0.29374998807907104 0.09375 1.5707963267948966 -0.5 6.123233995736766e-17 0.5235987755982983
-0.4571683909744024 -0.03612776566296816 18.317210231198057 -0.29374998807907104 0.09375 1.5707963267948966 -0.4829629131445342 -0.1294095225512604 0.2617993877991489
-0.4629169572144747 -0.0029505202546715736 24.660051025054955 -0.29374998807907104 0.09375 1.5707963267948966 -0.4829629131445342 -0.1294095225512604 0.5235987755982983
-0.461118396371603 -0.05008304864168167 15.43440581708872 -0.29374998807907104 0.09375 1.5707963267948966 -0.4829629131445342 -0.1294095225512604 -4.440892098500626e-16
-0.41438792273402214 -0.09411988034844398 29.91529441768092 -0.29374998807907104 0.09375 1.5707963267948966 -0.4330127018922193 -0.2500000000000001 0.5235987755982983
-0.425673333927989 -0.06627845391631126 35.58180951505692 -0.29374998807907104 0.09375 1.5707963267948966 -0.4330127018922193 -0.2500000000000001 0.7853981633974474
-0.41266134940087795 -0.11102387867867947 26.557987772295917 -0.29374998807907104 0.09375 1.5707963267948966 -0.4330127018922193 -0.2500000000000001 0.2617993877991489
-0.3541729669086635 -0.1398454513400793 41.24552386454461 -0.29374998807907104 0.09375 1.5707963267948966 -0.35355339059327384 -0.3535533905932737 0.7853981633974474
-0.345175399328582 -0.15900930017232895 37.156327288965414 -0.29374998807907104 0.09375 1.5707963267948966 -0.35355339059327384 -0.3535533905932737 0.5235987755982983
-0.371611918322742 -0.11485846666619182 47.036368894364195 -0.29374998807907104 0.09375 1.5707963267948966 -0.35355339059327384 -0.3535533905932737 1.047197551196597
-0.2611254192888737 -0.1918893437832594 46.59342135026068 -0.29374998807907104 0.09375 1.5707963267948966 -0.2500000000000002 -0.4330127018922192 0.7853981633974474
-0.27786592207849026 -0.1701177079230547 51.74337472767085 -0.29374998807907104 0.09375 1.5707963267948966 -0.2500000000000002 -0.4330127018922192 1.047197551196597
-0.25989235006272793 -0.20028643868863583 44.60929943143526 -0.29374998807907104 0.09375 1.5707963267948966 -0.2500000000000002 -0.4330127018922192 0.5235987755982983
-0.1692987121641636 -0.19619093090295792 56.323137523882515 -0.29374998807907104 0.09375 1.5707963267948966 -0.12940952255126031 -0.4829629131445342 1.047197551196597
-0.15901096910238266 -0.2084712889045477 53.15314625029249 -0.29374998807907104 0.09375 1.5707963267948966 -0.12940952255126031 -0.4829629131445342 0.7853981633974474
-0.19158323854207993 -0.1823210148140788 61.42249697889962 -0.29374998807907104 0.09375 1.5707963267948966 -0.12940952255126031 -0.4829629131445342 1.3089969389957463
0.18282829970121384 0.10604181978851557 -57.6864834480304 -0.23125000298023224 0.18125000596046448 0.0 0.4829629131445342 0.12940952255126034 -1.3089969389957472
0.18961800821125507 0.09663592837750912 -57.30988243378208 -0.23125000298023224 0.18125000596046448 0.0 0.4829629131445342 0.12940952255126034 -1.047197551196598
0.1848146803677082 0.10266298265196383 -61.126855143965905 -0.23125000298023224 0.18125000596046448 0.0 0.4829629131445342 0.12940952255126034 -1.5707963267948966
0.14524348452687263 0.15539688942953944 -60.16955108101817 -0.23125000298023224 0.18125000596046448 0.0 0.43301270189221935 0.25 -1.047197551196598
0.13628319464623928 0.16488106455653906 -62.98507343620497 -0.23125000298023224 0.18125000596046448 0.0 0.43301270189221935 0.25 -1.3089969389957472
0.14930715784430504 0.15018700412474573 -60.143367780603924 -0.23125000298023224 0.18125000596046448 0.0 0.43301270189221935 0.25 -0.7853981633974485
0.08108584210276604 0.23221931606531143 -60.02060634775863 -0.23125000298023224 0.18125000596046448 0.0 0.3535533905932738 0.3535533905932737 -1.047197551196598
0.09175687842071056 0.23140650801360607 -57.866559278648545 -0.23125000298023224 0.18125000596046448 0.0 0.3535533905932738 0.3535533905932737 -0.7853981633974485
0.0683583477512002 0.2403595568612218 -63.58456331786804 -0.23125000298023224 0.18125000596046448 0.0 0.3535533905932738 0.3535533905932737 -1.3089969389957472
-0.004129615379497409 0.31074534356594086 -56.83485215985585 -0.23125000298023224 0.18125000596046448 0.0 0.2500000000000001 0.4330127018922193 -1.047197551196598
0.015408666338771582 0.30726020596921444 -52.574955659510024 -0.23125000298023224 0.18125000596046448 0.0 0.2500000000000001 0.4330127018922193 -0.7853981633974485
-0.01454077719245106 0.3183645107783377 -60.07103347816962 -0.23125000298023224 0.18125000596046448 0.0 0.2500000000000001 0.4330127018922193 -1.3089969389957472
-0.07603859854862094 0.3591330056078732 -47.0955972473837 -0.23125000298023224 0.18125000596046448 0.0 0.12940952255126034 0.4829629131445342 -0.7853981633974485
-0.09729456342756748 0.3628325476311147 -52.00406363605075 -0.23125000298023224 0.18125000596046448 0.0 0.12940952255126034 0.4829629131445342 -1.047197551196598
-0.05569750349968672 0.3624679259955883 -43.00043915084475 -0.23125000298023224 0.18125000596046448 0.0 0.12940952255126034 0.4829629131445342 -0.5235987755982991
-0.16854747384786606 0.3855156460776925 -40.444848663720734 -0.23125000298023224 0.18125000596046448 0.0 3.061616997868383e-17 0.5 -0.7853981633974485
-0.14641547109931707 0.38829670660197735 -35.28105487288775 -0.23125000298023224 0.18125000596046448 0.0 3.061616997868383e-17 0.5 -0.5235987755982991
-0.13181286631152034 0.39499723725020885 -32.114165557568 -0.23125000298023224 0.18125000596046448 0.0 3.061616997868383e-17 0.5 -0.2617993877991498
-0.24170587584376335 0.38555592857301235 -28.560539945550335 -0.23125000298023224 0.18125000596046448 0.0 -0.12940952255126045 0.4829629131445342 -0.5235987755982991
-0.22212618123739958 0.39308431558310986 -23.928711682923815 -0.23125000298023224 0.18125000596046448 0.0 -0.12940952255126045 0.4829629131445342 -0.2617993877991498
-0.2581988964229822 0.3853093106299639 -32.83881871607515 -0.23125000298023224 0.18125000596046448 0.0 -0.12940952255126045 0.4829629131445342 -0.7853981633974485
-0.31048037577420473 0.36338334530591965 -16.73627177305327 -0.23125000298023224 0.18125000596046448 0.0 -0.2499999999999999 0.43301270189221935 -0.2617993877991498
-0.3270756518468261 0.35913863591849804 -21.14446267089879 -0.23125000298023224 0.18125000596046448 0.0 -0.2499999999999999 0.43301270189221935 -0.5235987755982991
-0.29408214427530766 0.37543240562081337 -12.418468505662046 -0.23125000298023224 0.18125000596046448 0.0 -0.2499999999999999 0.43301270189221935 -4.440892098500626e-16
-0.3850109800696373 0.31114281341433525 -9.73079429267029 -0.23125000298023224 0.18125000596046448 0.0 -0.3535533905932737 0.3535533905932738 -0.2617993877991498
-0.3700048625469208 0.3200641106814146 -5.378959085891075 -0.23125000298023224 0.18125000596046448 0.0 -0.3535533905932737 0.3535533905932738 -4.440892098500626e-16
-0.3576453644782305 0.3355529196560383 -1.4361281441987346 -0.23125000298023224 0.18125000596046448 0.0 -0.3535533905932737 0.3535533905932738 0.2617993877991489
-0.4219177272170782 0.255064370110631 3.2405117364116447 -0.23125000298023224 0.18125000596046448 0.0 -0.43301270189221935 0.25 -4.440892098500626e-16
-0.410458967089653 0.2675219811499119 7.225319444595028 -0.23125000298023224 0.18125000596046448 0.0 -0.43301270189221935 0.25 0.2617993877991489
-0.4315346069633961 0.25153030827641487 -0.305318270608238 -0.23125000298023224 0.18125000596046448 0.0 -0.43301270189221935 0.25 -0.2617993877991498
-0.4417981542646885 0.18542453087866306 15.242471990372755 -0.23125000298023224 0.18125000596046448 0.0 -0.4829629131445341 0.1294095225512605 0.2617993877991489
-0.45010197162628174 0.18190699443221092 12.283574829738253 -0.23125000298023224 0.18125000596046448 0.0 -0.4829629131445341 0.1294095225512605 -4.440892098500626e-16
-0.43517548590898514 0.20154865458607674 18.975236495853267 -0.23125000298023224 0.18125000596046448 0.0 -0.4829629131445341 0.1294095225512605 0.5235987755982983
0.3068225081078708 0.19693295750766993 -59.47084785318932 0.0 0.18125000596046448 0.0 0.4829629131445342 0.12940952255126034 -1.047197551196598
0.3141113566234708 0.1765115475282073 -52.7373057998603 0.0 0.18125000596046448 0.0 0.4829629131445342 0.12940952255126034 -0.7853981633974485
0.3037677751854062 0.21659604227170348 -65.45748735065364 0.0 0.18125000596046448 0.0 0.4829629131445342 0.12940952255126034 -1.3089969389957472
0.2768062870018184 0.2770292810164392 -46.93163295112011 0.0 0.18125000596046448 0.0 0.43301270189221935 0.25 -0.7853981633974485
0.2665906064212322 0.3000489512924105 -54.385468804873625 0.0 0.18125000596046448 0.0 0.43301270189221935 0.25 -1.047197551196598
0.2878129796590656 0.25606878101825714 -40.00798663570633 0.0 0.18125000596046448 0.0 0.43301270189221935 0.25 -0.5235987755982991
0.25653278827667236 0.36806488037109375 -31.73827107606809 0.0 0.18125000596046448 0.0 0.3535533905932738 0.3535533905932737 -0.5235987755982991
0.23161954060196877 0.38541878294199705 -41.12281991793062 0.0 0.18125000596046448 0.0 0.3535533905932738 0.3535533905932737 -0.7853981633974485
0.26134811621159315 0.340016370639205 -25.474877692165645 0.0 0.18125000596046448 0.0 0.3535533905932738 0.3535533905932737 -0.2617993877991498
0.16346802283078432 0.4410783350467682 -27.901588671615436 0.0 0.18125000596046448 0.0 0.2500000000000001 0.4330127018922193 -0.5235987755982991
0.17817918583750725 0.41554297134280205 -20.15407317564085 0.0 0.18125000596046448 0.0 0.2500000000000001 0.4330127018922193 -0.2617993877991498
0.13884146278724074 0.4490771032869816 -35.74464573040264 0.0 0.18125000596046448 0.0 0.2500000000000001 0.4330127018922193 -0.7853981633974485
0.08033209666609764 0.47538546472787857 -15.135125985380418 0.0 0.18125000596046448 0.0 0.12940952255126034 0.4829629131445342 -0.2617993877991498
0.11168838664889336 0.4683973342180252 -5.299519987292832 0.0 0.18125000596046448 0.0 0.12940952255126034 0.4829629131445342 -4.440892098500626e-16
0.055951863527297974 0.48778294026851654 -23.538668792476024 0.0 0.18125000596046448 0.0 0.12940952255126034 0.4829629131445342 -0.5235987755982991
-0.004413969814777374 0.48702915012836456 -0.9360015927338953 0.0 0.18125000596046448 0.0 3.061616997868383e-17 0.5 -4.440892098500626e-16
-0.031489886343479156 0.49115507304668427 -9.426015857680614 0.0 0.18125000596046448 0.0 3.061616997868383e-17 0.5 -0.2617993877991498
0.024846907705068588 0.4877485930919647 7.97164761384787 0.0 0.18125000596046448 0.0 3.061616997868383e-17 0.5 0.2617993877991489
-0.08472758531570435 0.4578849822282791 13.218688600723778 0.0 0.18125000596046448 0.0 -0.12940952255126045 0.4829629131445342 0.2617993877991489
-0.10611046478152275 0.454499538987875 6.383762050777135 0.0 0.18125000596046448 0.0 -0.12940952255126045 0.4829629131445342 -4.440892098500626e-16
-0.06618208810687065 0.486519742757082 20.970062045711867 0.0 0.18125000596046448 0.0 -0.12940952255126045 0.4829629131445342 0.5235987755982983
-0.19577645882964134 0.42543669044971466 17.36069938991323 0.0 0.18125000596046448 0.0 -0.2499999999999999 0.43301270189221935 0.2617993877991489
-0.15896655758842826 0.42719147726893425 27.674285396941837 0.0 0.18125000596046448 0.0 -0.2499999999999999 0.43301270189221935 0.5235987755982983
-0.20048759877681732 0.4089401662349701 13.686007308737425 0.0 0.18125000596046448 0.0 -0.2499999999999999 0.43301270189221935 -4.440892098500626e-16
-0.24206377193331718 0.3516734018921852 32.84596071436827 0.0 0.18125000596046448 0.0 -0.3535533905932737 0.3535533905932738 0.5235987755982983
-0.22336053662002087 0.36902650259435177 40.562612611834844 0.0 0.18125000596046448 0.0 -0.3535533905932737 0.3535533905932738 0.7853981633974474
-0.2613949151709676 0.3423899095505476 26.25523579861025 0.0 0.18125000596046448 0.0 -0.3535533905932737 0.3535533905932738 0.2617993877991489
-0.28454561065882444 0.2814311580732465 46.97122351601514 0.0 0.18125000596046448 0.0 -0.43301270189221935 0.25 0.7853981633974474
-0.2724850019440055 0.3000118136405945 53.7903087502451 0.0 0.18125000596046448 0.0 -0.43301270189221935 0.25 1.047197551196597
-0.29250489897094667 0.26024471037089825 40.37569308651577 0.0 0.18125000596046448 0.0 -0.43301270189221935 0.25 0.5235987755982983
-0.30792415142059326 0.19154228642582893 58.638684657902814 0.0 0.18125000596046448 0.0 -0.4829629131445341 0.1294095225512605 1.047197551196597
-0.3111339448951185 0.17439268715679646 53.22577858047103 0.0 0.18125000596046448 0.0 -0.4829629131445341 0.1294095225512605 0.7853981633974474
-0.30580144468694925 0.21304061077535152 64.71808683429492 0.0 0.18125000596046448 0.0 -0.4829629131445341 0.1294095225512605 1.3089969389957463
0.43717098608613014 0.1892575491219759 -16.82946745769975 0.20624999701976776 0.18125000596046448 0.0 0.4829629131445342 0.12940952255126034 -0.2617993877991498
0.42874930053949356 0.20655633229762316 -20.43456675396974 0.20624999701976776 0.18125000596046448 0.0 0.4829629131445342 0.12940952255126034 -0.5235987755982991
0.44689582474529743 0.18101562280207872 -13.064611523353143 0.20624999701976776 0.18125000596046448 0.0 0.4829629131445342 0.12940952255126034 -4.440892098500626e-16
0.41777566634118557 0.25726797617971897 -4.008878893598015 0.20624999701976776 0.18125000596046448 0.0 0.43301270189221935 0.25 -4.440892098500626e-16
0.4039036426693201 0.274822142906487 -8.459156016797412 0.20624999701976776 0.18125000596046448 0.0 0.43301270189221935 0.25 -0.2617993877991498
0.42898382991552353 0.25375176779925823 -0.5137322747591266 0.20624999701976776 0.18125000596046448 0.0 0.43301270189221935 0.25 0.2617993877991489
0.3600724656134844 0.332496102899313 3.503672646129763 0.20624999701976776 0.18125000596046448 0.0 0.3535533905932738 0.3535533905932737 -4.440892098500626e-16
0.3790711108595133 0.316807521507144 8.738971564191415 0.20624999701976776 0.18125000596046448 0.0 0.3535533905932738 0.3535533905932737 0.2617993877991489
0.34581340476870537 0.35114167258143425 -1.4304836421403357 0.20624999701976776 0.18125000596046448 0.0 0.3535533905932738 0.3535533905932737 -0.2617993877991498
0.29921726742759347 0.3751213327050209 15.100267868375813 0.20624999701976776 0.18125000596046448 0.0 0.2500000000000001 0.4330127018922193 0.2617993877991489
0.3259316144976765 0.3631693720817566 21.61973220837807 0.20624999701976776 0.18125000596046448 0.0 0.2500000000000001 0.4330127018922193 0.5235987755982983
0.28227313980460167 0.3879343718290329 10.766776062120028 0.20624999701976776 0.18125000596046448 0.0 0.2500000000000001 0.4330127018922193 -4.440892098500626e-16
0.23175928834825754 0.39734832756221294 27.398421696304705 0.20624999701976776 0.18125000596046448 0.0 0.12940952255126034 0.4829629131445342 0.5235987755982983
0.20250074937939644 0.4096064977347851 20.746559122478093 0.20624999701976776 0.18125000596046448 0.0 0.12940952255126034 0.4829629131445342 0.2617993877991489
0.25747988000512123 0.39315843023359776 33.752873508286925 0.20624999701976776 0.18125000596046448 0.0 0.12940952255126034 0.4829629131445342 0.7853981633974474
0.12343694502487779 0.4049959145486355 31.9596493120401 0.20624999701976776 0.18125000596046448 0.0 3.061616997868383e-17 0.5 0.5235987755982983
0.15601742640137672 0.3993999548256397 39.25675827816272 0.20624999701976776 0.18125000596046448 0.0 3.061616997868383e-17 0.5 0.7853981633974474
0.11367327440530062 0.41025845147669315 29.48497774462717 0.20624999701976776 0.18125000596046448 0.0 3.061616997868383e-17 0.5 0.2617993877991489
0.05053848121315241 0.3768724510446191 43.80046274169914 0.20624999701976776 0.18125000596046448 0.0 -0.12940952255126045 0.4829629131445342 0.7853981633974474
0.03715825267136097 0.3769488148391247 40.10831557820973 0.20624999701976776 0.18125000596046448 0.0 -0.12940952255126045 0.4829629131445342 0.5235987755982983
0.07921007089316845 0.3792346743866801 50.612009815648 0.20624999701976776 0.18125000596046448 0.0 -0.12940952255126045 0.4829629131445342 1.047197551196597
-0.04501036927103996 0.32415100326761603 48.76985792449547 0.20624999701976776 0.18125000596046448 0.0 -0.2499999999999999 0.43301270189221935 0.7853981633974474
-0.0157568120630458 0.3277419079095125 55.308591747299054 0.20624999701976776 0.18125000596046448 0.0 -0.2499999999999999 0.43301270189221935 1.047197551196597
0.003705114359036088 0.3359413458965719 60.58868425528465 0.20624999701976776 0.18125000596046448 0.0 -0.2499999999999999 0.43301270189221935 1.3089969389957463
-0.0999597180634737 0.24960720166563988 58.83183162290645 0.20624999701976776 0.18125000596046448 0.0 -0.3535533905932737 0.3535533905932738 1.047197551196597
-0.11284353584051132 0.2488740049302578 55.949808382293526 0.20624999701976776 0.18125000596046448 0.0 -0.3535533905932737 0.3535533905932738 0.7853981633974474
-0.07993241026997566 0.2577752973884344 64.20781745518222 0.20624999701976776 0.18125000596046448 0.0 -0.3535533905932737 0.3535533905932738 1.3089969389957463
-0.16244181245565414 0.16268991446122527 61.08048020838459 0.20624999701976776 0.18125000596046448 0.0 -0.43301270189221935 0.25 1.047197551196597
-0.14855720661580563 0.16954068886116147 65.18542114290106 0.20624999701976776 0.18125000596046448 0.0 -0.43301270189221935 0.25 1.3089969389957463
-0.16001201421022415 0.1515707850921899 61.45936092825558 0.20624999701976776 0.18125000596046448 0.0 -0.43301270189221935 0.25 0.7853981633974474
-0.1942756436765194 0.10381387989036739 60.97126182521372 0.20624999701976776 0.18125000596046448 0.0 -0.4829629131445341 0.1294095225512605 1.3089969389957463
-0.2018107082694769 0.10271822428330779 58.409632419561866 0.20624999701976776 0.18125000596046448 0.0 -0.4829629131445341 0.1294095225512605 1.047197551196597
-0.20286946929991245 0.09669492265675217 58.13049239058237 0.20624999701976776 0.18125000596046448 0.0 -0.4829629131445341 0.1294095225512605 0.7853981633974474
0.46814705058932304 -0.07854524301365018 14.871407560363934 0.29374998807907104 -0.11874999850988388 1.5707963267948966 0.5 0.0 0.2617993877991489
0.4714624509215355 -0.10562220681458712 20.074240602871775 0.29374998807907104 -0.11874999850988388 1.5707963267948966 0.5 0.0 0.5235987755982983
0.47249336913228035 -0.0520827267318964 10.00826392717284 0.29374998807907104 -0.11874999850988388 1.5707963267948966 0.5 0.0 -4.440892098500626e-16
0.4510507173836231 -0.013563500717282295 26.71253860156024 0.29374998807907104 -0.11874999850988388 1.5707963267948966 0.4829629131445342 0.12940952255126034 0.5235987755982983
0.4482554513961077 0.01404100377112627 21.496008012689952 0.29374998807907104 -0.11874999850988388 1.5707963267948966 0.4829629131445342 0.12940952255126034 0.2617993877991489
0.4604599457234144 -0.03694600146263838 31.18805250755144 0.29374998807907104 -0.11874999850988388 1.5707963267948966 0.4829629131445342 0.12940952255126034 0.7853981633974474
0.4050119239836931 0.07109920401126146 33.2154219815251 0.29374998807907104 -0.11874999850988388 1.5707963267948966 0.43301270189221935 0.25 0.5235987755982983
0.4138951525092125 0.04312232317170128 38.28627107105911 0.29374998807907104 -0.11874999850988388 1.5707963267948966 0.43301270189221935 0.25 0.7853981633974474
0.40383149310946465 0.09054747968912125 29.40025905754045 0.29374998807907104 -0.11874999850988388 1.5707963267948966 0.43301270189221935 0.25 0.2617993877991489
0.341881284955889 0.11666245851665735 43.823093895594674 0.29374998807907104 -0.11874999850988388 1.5707963267948966 0.3535533905932738 0.3535533905932737 0.7853981633974474
0.33525098784593865 0.13860862515866756 39.75199845469024 0.29374998807907104 -0.11874999850988388 1.5707963267948966 0.3535533905932738 0.3535533905932737 0.5235987755982983
0.35761514911428094 0.0965378301916644 48.244518357492055 0.29374998807907104 -0.11874999850988388 1.5707963267948966 0.3535533905932738 0.3535533905932737 1.047197551196597
0.2504571471363306 0.16818741895258427 49.17822901341406 0.29374998807907104 -0.11874999850988388 1.5707963267948966 0.2500000000000001 0.4330127018922193 0.7853981633974474
0.2666902868077159 0.1448030350729823 54.19979965741486 0.29374998807907104 -0.11874999850988388 1.5707963267948966 0.2500000000000001 0.4330127018922193 1.047197551196597
0.2499386966228485 0.18122644163668156 47.135749441343094 0.29374998807907104 -0.11874999850988388 1.5707963267948966 0.2500000000000001 0.4330127018922193 0.5235987755982983
0.15519513562321663 0.17599695455282927 57.76284696415259 0.29374998807907104 -0.11874999850988388 1.5707963267948966 0.12940952255126034 0.4829629131445342 1.047197551196597
0.1458474062383175 0.19164422154426575 54.5522749690131 0.29374998807907104 -0.11874999850988388 1.5707963267948966 0.12940952255126034 0.4829629131445342 0.7853981633974474
0.1735631562769413 0.1635738550685346 61.608938344867504 0.29374998807907104 -0.11874999850988388 1.5707963267948966 0.12940952255126034 0.4829629131445342 1.3089969389957463
0.23303806595504284 -0.3379570906981826 -33.81429434361854 0.29374998807907104 -0.11874999850988388 1.5707963267948966 0.12940952255126015 -0.4829629131445342 -0.5235987755982991
0.256558857858181 -0.32071440713480115 -39.07330541858629 0.29374998807907104 -0.11874999850988388 1.5707963267948966 0.12940952255126015 -0.4829629131445342 -0.7853981633974485
0.23515260219573975 -0.34974086191505194 -32.86262128162697 0.29374998807907104 -0.11874999850988388 1.5707963267948966 0.12940952255126015 -0.4829629131445342 -0.2617993877991498
0.3247265594545752 -0.30819421261548996 -27.485312328356944 0.29374998807907104 -0.11874999850988388 1.5707963267948966 0.2500000000000001 -0.4330127018922193 -0.5235987755982991
0.31063550617545843 -0.3287242753431201 -23.184846344576073 0.29374998807907104 -0.11874999850988388 1.5707963267948966 0.2500000000000001 -0.4330127018922193 -0.2617993877991498
0.3483716016635299 -0.29177597421221435 -32.68941961827304 0.29374998807907104 -0.11874999850988388 1.5707963267948966 0.2500000000000001 -0.4330127018922193 -0.7853981633974485
0.38290638104081154 -0.2795481369830668 -15.191639717674281 0.29374998807907104 -0.11874999850988388 1.5707963267948966 0.3535533905932737 -0.35355339059327384 -0.2617993877991498
0.4017175994813442 -0.2567377258092165 -20.534429599917583 0.29374998807907104 -0.11874999850988388 1.5707963267948966 0.3535533905932737 -0.35355339059327384 -0.5235987755982991
0.37790248822420835 -0.29891794733703136 -11.781233143500385 0.29374998807907104 -0.11874999850988388 1.5707963267948966 0.3535533905932737 -0.35355339059327384 -4.440892098500626e-16
0.42977946251630783 -0.23236935585737228 -3.3643714077803994 0.29374998807907104 -0.11874999850988388 1.5707963267948966 0.4330127018922192 -0.2500000000000002 -4.440892098500626e-16
0.44350406900048256 -0.20435848459601402 -9.019251029093448 0.29374998807907104 -0.11874999850988388 1.5707963267948966 0.4330127018922192 -0.2500000000000002 -0.2617993877991498
0.43200285732746124 -0.2506109122186899 -0.31564660947170275 0.29374998807907104 -0.11874999850988388 1.5707963267948966 0.4330127018922192 -0.2500000000000002 0.2617993877991489
0.46506190299987793 -0.144089515786618 3.0724904904983896 0.29374998807907104 -0.11874999850988388 1.5707963267948966 0.4829629131445342 -0.12940952255126034 -4.440892098500626e-16
0.46006693318486214 -0.1709740525111556 8.016325355586718 0.29374998807907104 -0.11874999850988388 1.5707963267948966 0.4829629131445342 -0.12940952255126034 0.2617993877991489
0.4748186394572258 -0.1228036880493164 -1.2383895527692041 0.29374998807907104 -0.11874999850988388 1.5707963267948966 0.4829629131445342 -0.12940952255126034 -0.2617993877991498
0.4906001463532448 0.0010083243250846863 -0.3627614568438791 0.29374998807907104 2.7755575615628914e-17 1.5707963267948966 0.5 0.0 -4.440892098500626e-16
0.49542174488306046 0.03017086535692215 -5.5037493630801295 0.29374998807907104 2.7755575615628914e-17 1.5707963267948966 0.5 0.0 -0.2617993877991498
0.4963987469673157 -0.028104618191719055 4.745479140308104 0.29374998807907104 2.7755575615628914e-17 1.5707963267948966 0.5 0.0 0.2617993877991489
0.4808822348713875 0.06710340827703476 12.050486737010193 0.29374998807907104 2.7755575615628914e-17 1.5707963267948966 0.4829629131445342 0.12940952255126034 0.2617993877991489
0.47732309252023697 0.09736643545329571 6.552883801654921 0.29374998807907104 2.7755575615628914e-17 1.5707963267948966 0.4829629131445342 0.12940952255126034 -4.440892098500626e-16
0.4931122101843357 0.04297687765210867 16.20935048073377 0.29374998807907104 2.7755575615628914e-17 1.5707963267948966 0.4829629131445342 0.12940952255126034 0.5235987755982983
0.4401268605142832 0.15785308368504047 18.665144102004064 0.29374998807907104 2.7755575615628914e-17 1.5707963267948966 0.43301270189221935 0.25 0.2617993877991489
0.45169134996831417 0.12977547012269497 23.73093969198982 0.29374998807907104 2.7755575615628914e-17 1.5707963267948966 0.43301270189221935 0.25 0.5235987755982983
0.43821979127824306 0.1818829607218504 14.432355564597914 0.29374998807907104 2.7755575615628914e-17 1.5707963267948966 0.43301270189221935 0.25 -4.440892098500626e-16
0.38621521927416325 0.20442787371575832 30.557340947890673 0.29374998807907104 2.7755575615628914e-17 1.5707963267948966 0.3535533905932738 0.3535533905932737 0.5235987755982983
0.40486530866473913 0.1782694198191166 35.85902650338293 0.29374998807907104 2.7755575615628914e-17 1.5707963267948966 0.3535533905932738 0.3535533905932737 0.7853981633974474
0.3792232256382704 0.22622264921665192 27.243864753168854 0.29374998807907104 2.7755575615628914e-17 1.5707963267948966 0.3535533905932738 0.3535533905932737 0.2617993877991489
0.31504575861617923 0.2364194430410862 41.35911404368073 0.29374998807907104 2.7755575615628914e-17 1.5707963267948966 0.2500000000000001 0.4330127018922193 0.7853981633974474
0.3022309187799692 0.25869098119437695 37.347539683867836 0.29374998807907104 2.7755575615628914e-17 1.5707963267948966 0.2500000000000001 0.4330127018922193 0.5235987755982983
0.3400343437679112 0.21985541470348835 46.12580390051099 0.29374998807907104 2.7755575615628914e-17 1.5707963267948966 0.2500000000000001 0.4330127018922193 1.047197551196597
0.2163384910672903 0.26500699669122696 47.785539340393605 0.29374998807907104 2.7755575615628914e-17 1.5707963267948966 0.12940952255126034 0.4829629131445342 0.7853981633974474
0.23767299577593803 0.24784286506474018 52.303647691747 0.29374998807907104 2.7755575615628914e-17 1.5707963267948966 0.12940952255126034 0.4829629131445342 1.047197551196597
0.20596301928162575 0.2767907017841935 44.811396772074275 0.29374998807907104 2.7755575615628914e-17 1.5707963267948966 0.12940952255126034 0.4829629131445342 0.5235987755982983
0.2097139786928892 -0.26833515241742134 -46.862014205606165 0.29374998807907104 2.7755575615628914e-17 1.5707963267948966 0.12940952255126015 -0.4829629131445342 -0.7853981633974485
0.23546075448393822 -0.24753976985812187 -53.02242959792573 0.29374998807907104 2.7755575615628914e-17 1.5707963267948966 0.12940952255126015 -0.4829629131445342 -1.047197551196598
0.20511830039322376 -0.28449935652315617 -44.539382689926256 0.29374998807907104 2.7755575615628914e-17 1.5707963267948966 0.12940952255126015 -0.4829629131445342 -0.5235987755982991
0.3138755625113845 -0.23556180112063885 -42.13847830570795 0.29374998807907104 2.7755575615628914e-17 1.5707963267948966 0.2500000000000001 -0.4330127018922193 -0.7853981633974485
0.29720539785921574 -0.2606967594474554 -36.58997491238769 0.29374998807907104 2.7755575615628914e-17 1.5707963267948966 0.2500000000000001 -0.4330127018922193 -0.5235987755982991
0.33834097685758024 -0.21800602972507477 -47.2594070882644 0.29374998807907104 2.7755575615628914e-17 1.5707963267948966 0.2500000000000001 -0.4330127018922193 -1.047197551196598
0.381866573356092 -0.20676389709115028 -30.126218247150845 0.29374998807907104 2.7755575615628914e-17 1.5707963267948966 0.3535533905932737 -0.35355339059327384 -0.5235987755982991
0.40427929162979126 -0.17817113921046257 -36.904261855198286 0.29374998807907104 2.7755575615628914e-17 1.5707963267948966 0.3535533905932737 -0.35355339059327384 -0.7853981633974485
0.3766329400241375 -0.2289134431630373 -26.417434914182177 0.29374998807907104 2.7755575615628914e-17 1.5707963267948966 0.3535533905932737 -0.35355339059327384 -0.2617993877991498
0.43904619105160236 -0.15774634294211864 -18.791268299183017 0.29374998807907104 2.7755575615628914e-17 1.5707963267948966 0.4330127018922192 -0.2500000000000002 -0.2617993877991498
0.4506290387362242 -0.12687855027616024 -24.724912095067594 0.29374998807907104 2.7755575615628914e-17 1.5707963267948966 0.4330127018922192 -0.2500000000000002 -0.5235987755982991
0.43874894455075264 -0.18132967874407768 -15.146811912877341 0.29374998807907104 2.7755575615628914e-17 1.5707963267948966 0.4330127018922192 -0.2500000000000002 -4.440892098500626e-16
0.4802336022257805 -0.06521090678870678 -12.629948127410218 0.29374998807907104 2.7755575615628914e-17 1.5707963267948966 0.4829629131445342 -0.12940952255126034 -0.2617993877991498
0.4766457751393318 -0.09900300484150648 -6.747959605430126 0.29374998807907104 2.7755575615628914e-17 1.5707963267948966 0.4829629131445342 -0.12940952255126034 -4.440892098500626e-16
0.49258898943662643 -0.04068255424499512 -17.421751589471995 0.29374998807907104 2.7755575615628914e-17 1.5707963267948966 0.4829629131445342 -0.12940952255126034 -0.5235987755982991
0.47754324972629547 0.06404886581003666 -12.89003333301027 0.29374998807907104 0.08749999850988388 1.5707963267948966 0.5 0.0 -0.2617993877991498
0.48044438287615776 0.030971385538578033 -6.869151730597141 0.29374998807907104 0.08749999850988388 1.5707963267948966 0.5 0.0 -4.440892098500626e-16
0.48270218819379807 0.09049102908466011 -17.687359584182637 0.29374998807907104 0.08749999850988388 1.5707963267948966 0.5 0.0 -0.5235987755982991
0.4734037257730961 0.12532528769224882 -0.23692798298931234 0.29374998807907104 0.08749999850988388 1.5707963267948966 0.4829629131445342 0.12940952255126034 -4.440892098500626e-16
0.4689229354262352 0.15879613859578967 -6.184295959748392 0.29374998807907104 0.08749999850988388 1.5707963267948966 0.4829629131445342 0.12940952255126034 -0.2617993877991498
0.48361552134156227 0.10025757923722267 4.8215419004748545 0.29374998807907104 0.08749999850988388 1.5707963267948966 0.4829629131445342 0.12940952255126034 0.2617993877991489
0.44768042117357254 0.18852969631552696 11.581647844738821 0.29374998807907104 0.08749999850988388 1.5707963267948966 0.43301270189221935 0.25 0.2617993877991489
0.4329155031591654 0.22027774178422987 5.172255091467658 0.29374998807907104 0.08749999850988388 1.5707963267948966 0.43301270189221935 0.25 -4.440892098500626e-16
0.46212026849389076 0.16973190940916538 16.02962959591928 0.29374998807907104 0.08749999850988388 1.5707963267948966 0.43301270189221935 0.25 0.5235987755982983
0.3824390862137079 0.26779138995334506 16.84193369124541 0.29374998807907104 0.08749999850988388 1.5707963267948966 0.3535533905932738 0.3535533905932737 0.2617993877991489
0.4066928718239069 0.24015032965689898 23.39626993168122 0.29374998807907104 0.08749999850988388 1.5707963267948966 0.3535533905932738 0.3535533905932737 0.5235987755982983
0.3810941791161895 0.2835195744410157 14.439958113161287 0.29374998807907104 0.08749999850988388 1.5707963267948966 0.3535533905932738 0.3535533905932737 -4.440892098500626e-16
0.31961960112676024 0.2986228113732068 28.709425233548682 0.29374998807907104 0.08749999850988388 1.5707963267948966 0.2500000000000001 0.4330127018922193 0.5235987755982983
0.30604840628802776 0.3185723265632987 24.567285375680186 0.29374998807907104 0.08749999850988388 1.5707963267948966 0.2500000000000001 0.4330127018922193 0.2617993877991489
0.3473822604282759 0.27820979710668325 34.739887144542436 0.29374998807907104 0.08749999850988388 1.5707963267948966 0.2500000000000001 0.4330127018922193 0.7853981633974474
0.22756163589656353 0.3260585491079837 35.7228489471456 0.29374998807907104 0.08749999850988388 1.5707963267948966 0.12940952255126034 0.4829629131445342 0.5235987755982983
0.24816616252064705 0.31018714094534516 40.10990867260226 0.29374998807907104 0.08749999850988388 1.5707963267948966 0.12940952255126034 0.4829629131445342 0.7853981633974474
0.27522862143814564 0.2989568393677473 45.48602336033224 0.29374998807907104 0.08749999850988388 1.5707963267948966 0.12940952255126034 0.4829629131445342 1.047197551196597
0.17498807236552238 -0.2017088122665882 -56.34949039811003 0.29374998807907104 0.08749999850988388 1.5707963267948966 0.12940952255126015 -0.4829629131445342 -1.047197551196598
0.16491508856415749 -0.21379699185490608 -53.26957363542614 0.29374998807907104 0.08749999850988388 1.5707963267948966 0.12940952255126015 -0.4829629131445342 -0.7853981633974485
0.19618716649711132 -0.1848500855267048 -61.286398381206375 0.29374998807907104 0.08749999850988388 1.5707963267948966 0.12940952255126015 -0.4829629131445342 -1.3089969389957472
0.2669975832104683 -0.19216969422996044 -47.12928652275113 0.29374998807907104 0.08749999850988388 1.5707963267948966 0.2500000000000001 -0.4330127018922193 -0.7853981633974485
0.2834082143381238 -0.17135804425925016 -51.969036967430796 0.29374998807907104 0.08749999850988388 1.5707963267948966 0.2500000000000001 -0.4330127018922193 -1.047197551196598
0.26336120441555977 -0.20368269830942154 -44.488108046388504 0.29374998807907104 0.08749999850988388 1.5707963267948966 0.2500000000000001 -0.4330127018922193 -0.5235987755982991
0.3592801680788398 -0.14109818078577518 -41.51884208564036 0.29374998807907104 0.08749999850988388 1.5707963267948966 0.3535533905932737 -0.35355339059327384 -0.7853981633974485
0.3485698045697063 -0.16148799285292625 -37.06711995432329 0.29374998807907104 0.08749999850988388 1.5707963267948966 0.3535533905932737 -0.35355339059327384 -0.5235987755982991
0.3765708990395069 -0.11513888370245695 -47.25413766723785 0.29374998807907104 0.08749999850988388 1.5707963267948966 0.3535533905932737 -0.35355339059327384 -1.047197551196598
0.4177655577659607 -0.09436776116490364 -30.200256433980037 0.29374998807907104 0.08749999850988388 1.5707963267948966 0.4330127018922192 -0.2500000000000002 -0.5235987755982991
0.42986107245087624 -0.06355350092053413 -36.277754295865094 0.29374998807907104 0.08749999850988388 1.5707963267948966 0.4330127018922192 -0.2500000000000002 -0.7853981633974485
0.4141370337456465 -0.11651375703513622 -25.818847374425225 0.29374998807907104 0.08749999850988388 1.5707963267948966 0.4330127018922192 -0.2500000000000002 -0.2617993877991498
0.45922277122735977 -0.03639531601220369 -18.46544888538584 0.29374998807907104 0.08749999850988388 1.5707963267948966 0.4829629131445342 -0.12940952255126034 -0.2617993877991498
0.4642473179847002 -0.0011574896052479744 -24.983079309657448 0.29374998807907104 0.08749999850988388 1.5707963267948966 0.4829629131445342 -0.12940952255126034 -0.5235987755982991
0.46234430745244026 -0.052258401177823544 -15.361590022006494 0.29374998807907104 0.08749999850988388 1.5707963267948966 0.4829629131445342 -0.12940952255126034 -4.440892098500626e-16
